Beam_ID,Length,Width,Thickness,Force,Material_Density,E,Max_Stress,Max_Deflection
1,1.5,0.10,0.05,500,7850,2e11,250e6,0.01
2,2.0,0.12,0.06,800,2700,7e10,150e6,0.015
3,1.8,0.11,0.05,600,7850,2e11,200e6,0.012
4,2.2,0.13,0.07,900,2700,7e10,180e6,0.02
5,1.6,0.09,0.04,400,7850,2e11,220e6,0.009
6,2.1,0.12,0.06,850,2700,7e10,160e6,0.018
7,1.7,0.10,0.05,550,7850,2e11,230e6,0.011
8,2.3,0.14,0.08,950,2700,7e10,170e6,0.021
9,1.9,0.11,0.06,650,7850,2e11,240e6,0.013
10,2.0,0.12,0.06,800,2700,7e10,190e6,0.016
